6500
5
25
30
6500
5
10
6500
5
10
6500
5
11
6500
5
25
6500
5
25
6500
5
25
6500
5
25
6500
5
25
25
6500
5
25
6500
5
25
6500
5
25
6500
5
25
6500
5
25
20
6500
5
25
6500
5
25
6500
5
25
6500
5
25
6500
5
25
15
6500
5
25
6500
5
25
6500
5
25
6500
5
25
6500
5
25
10
6500
5
25
6500
5
25
6500
5
25
6500
5
25
6500
5
25
5
6500
5
25
6500
5
25
6500
5
25
6500
5
25
6500
5
25
30
6500
5
25
6500
5
25
6500
5
25
6500
5
25
6500
5
25
25
6500
5
25
6500
5
25
6500
5
25
6500
5
25
6500
5
25
20
6500
5
25
6500
5
25
6500
5
25
6500
5
25
6500
5
25
15
6500
5
25
6500
5
25
6500
5
25
6500
5
25
6500
5
25
10
6500
5
25
6500
5
25
6500
5
25
6500
5
25
6500
5
25
5
6500
5
25
6500
5
25
6500
5
25
6500
5
25
6500
5
25
30
6500
5
25
6500
5
25
6500
5
25
6500
5
25
6500
5
25
25
6500
5
25
6500
5
25
6500
5
25
6500
5
25
6500
5
25
20
6500
5
25
6500
5
25
6500
5
25
6500
5
25
6500
5
25
15
6500
5
25
6500
5
25
6500
5
25
6500
5
25
6500
5
25
10
6500
5
25
6500
5
25
6500
5
25
6500
5
25
6500
5
23
5
6500
5
23
6500
5
23
6500
5
23
6500
5
23
6500
5
23
30
4500
3
18
4500
3
18
4500
3
18
4500
3
18
4500
3
18
25
4500
3
18
4500
3
18
4500
3
18
4500
3
18
4500
3
18
20
4500
3
18
4500
3
18
4500
3
18
4500
3
18
4500
3
18
15
4500
3
18
4500
3
18
4500
3
18
4500
3
18
4500
3
18
10
4500
3
18
4500
3
18
4500
3
18
4500
3
18
4500
3
18
5
4500
3
18
4500
3
18
4500
3
18
4500
3
18
6500
5
33
30
7500
6
38
7500
6
38
5500
4
18
30
1500
1
3
1500
1
3
1500
1
3
1500
1
3
1500
1
3
25
1500
1
3
1500
1
3
1500
1
3
1500
1
3
1500
1
3
20
1500
1
3
1500
1
3
1500
1
3
1500
1
3
1500
1
3
15
1500
1
3
1500
1
3
1500
1
3
1500
1
3
1500
1
3
10
1500
1
3
1500
1
3
1500
1
3
1500
1
3
1500
1
2
5
1500
1
2
1500
1
2
1500
1
2
1500
1
2
5500
4
22
30
6500
5
23
30
6500
5
23
30
6500
5
23
30
2500
1
8
2500
1
8
2500
1
8
2500
1
8
2500
1
8
25
2500
1
8
2500
1
8
2500
1
8
2500
1
8
2500
1
8
20
2500
1
8
2500
1
8
2500
1
8
2500
1
8
2500
1
8
15
2500
1
8
2500
1
8
2500
1
8
2500
1
8
2500
1
8
10
2500
1
8
2500
1
8
2500
1
8
2500
1
8
2500
1
8
5
2500
1
8
2500
1
8
2500
1
8
2500
1
8
6500
1
28
30
6500
5
23
30
2500
1
8
2500
1
8
2500
1
8
2500
1
8
2500
1
8
25
2500
1
8
2500
1
8
2500
1
8
2500
1
8
2500
1
8
20
2500
1
8
2500
1
8
2500
1
8
2500
1
8
2500
1
8
15
2500
1
8
2500
1
8
2500
1
8
2500
1
8
2500
1
8
10
2500
1
8
2500
1
8
2500
1
8
2500
1
8
2500
1
8
5
2500
1
8
2500
1
8
2500
1
8
2500
1
8
6500
1
28
30
6500
5
23
30
2500
1
8
2500
1
8
2500
1
8
2500
1
8
2500
1
8
25
2500
1
8
2500
1
8
2500
1
8
2500
1
8
2500
1
8
20
2500
1
8
2500
1
8
2500
1
8
2500
1
8
2500
1
8
15
2500
1
8
2500
1
8
2500
1
8
2500
1
8
2500
1
8
10
2500
1
8
2500
1
8
2500
1
8
2500
1
8
2500
1
8
5
2500
1
8
2500
1
8
2500
1
8
2500
1
8
6500
5
8
30
6500
5
23
30
2500
1
8
2500
1
8
2500
1
8
2500
1
8
2500
1
8
25
2500
1
8
2500
1
8
2500
1
8
2500
1
8
2500
1
8
20
2500
1
8
2500
1
8
2500
1
8
2500
1
8
2500
1
8
15
2500
1
8
2500
1
8
2500
1
8
2500
1
9
2500
1
9
10
2500
1
9
2500
1
9
2500
1
9
2500
1
9
2500
1
9
5
2500
1
9
2500
1
9
2500
1
9
2500
1
9
6500
5
9
30
6500
5
9
2500
1
9
2500
1
9
10
2500
1
9
2500
1
9
2500
1
9
2500
1
9
2500
1
9
5
2500
1
9
2500
1
9
2500
1
9
2500
1
9
2500
1
9
30
6500
5
23
30
6500
5
23
30
6500
5
23
30
2500
1
8
2500
1
8
2500
1
8
2500
1
8
2500
1
8
25
2500
1
8
2500
1
8
2500
1
8
2500
1
8
2500
1
8
20
2500
1
8
2500
1
8
2500
1
8
2500
1
8
2500
1
8
15
2500
1
8
2500
1
8
2500
1
8
2500
1
8
2500
1
8
10
2500
1
8
2500
1
8
2500
1
8
2500
1
8
2500
1
8
5
2500
1
8
2500
1
8
2500
1
8
2500
1
8
6500
5
23
30
6500
5
23
30
6500
5
25
6500
5
25
6500
5
25
6500
5
25
6500
5
25
25
